0 0.356445 0.401855 0.110026 0.118164
0 0.613607 0.331299 0.108724 0.122559
0 0.038411 0.396240 0.020833 0.019043
0 0.197591 0.362793 0.029297 0.017578
0 0.987956 0.408203 0.022786 0.012695
0 0.935547 0.420654 0.019531 0.016113
0 0.043945 0.372803 0.017578 0.016113
0 0.807617 0.392822 0.012370 0.016113
0 0.726540 0.387804 0.012079 0.010263
0 0.256548 0.398883 0.011239 0.009890
0 0.828158 0.396908 0.009724 0.010559
0 0.929897 0.391005 0.010000 0.008741
0 0.258323 0.398719 0.011487 0.010099
0 0.820904 0.382636 0.008262 0.007772
0 0.958333 0.395020 0.016927 0.010742
0 0.799479 0.409180 0.010417 0.012695
0 0.986979 0.403320 0.024740 0.019531
