0 0.864990 0.371745 0.087402 0.123698
0 0.610596 0.229818 0.020996 0.035156
0 0.642822 0.230143 0.017090 0.033203
0 0.680420 0.227214 0.029785 0.059896
0 0.325195 0.412109 0.078125 0.101562
0 0.563232 0.396159 0.058105 0.080078
0 0.197998 0.421875 0.096191 0.152344
0 0.022217 0.338216 0.033691 0.044922
0 0.260254 0.236654 0.051758 0.056641
0 0.749512 0.234049 0.008789 0.014974
0 0.458008 0.238932 0.014648 0.039062
0 0.458496 0.238932 0.015625 0.039062
0 0.748535 0.234701 0.010742 0.014974
0 0.797119 0.295247 0.018066 0.014974
