0 0.116211 0.474284 0.064453 0.070964
0 0.197754 0.389648 0.051758 0.073568
0 0.275879 0.211914 0.021484 0.038411
0 0.534912 0.393880 0.040527 0.071615
0 0.387939 0.175130 0.023926 0.035156
0 0.430176 0.302083 0.033203 0.048177
0 0.885742 0.506510 0.047852 0.089844
0 0.565186 0.214518 0.022949 0.031901
0 0.401367 0.388997 0.036133 0.057943
0 0.736572 0.449870 0.047363 0.036458
0 0.525146 0.285482 0.037598 0.039714
0 0.138184 0.222331 0.010742 0.017578
0 0.869141 0.294271 0.039062 0.032552
0 0.161865 0.282552 0.020996 0.026042
0 0.048096 0.173828 0.012207 0.014323
0 0.613037 0.291341 0.020996 0.016276
0 0.033203 0.154948 0.007812 0.015625
0 0.734131 0.449870 0.042480 0.035156
